# wavelength(nm) g
380.0 0.0018678982490986
381.0 0.0038952007259458
382.0 0.0012331801926994
383.0 0.0025219341743005
384.0 0.0021410863621021
385.0 0.00076414943058402
386.0 9.229476891765E-5
387.0 0.001715669805171
388.0 0.0037303301703228
389.0 0.0025145987030478
390.0 0.0029151760374511
391.0 0.0011936211567307
392.0 0.0026722813263095
393.0 0.0030895616661103
394.0 0.0028827851170845
395.0 0.0053273036785833
396.0 0.010904888189647
397.0 0.014994576511865
398.0 0.022100160904578
399.0 0.032125256620309
400.0 0.045650196072304
401.0 0.050635737551185
402.0 0.062939942579536
403.0 0.083071904767852
404.0 0.093434752972022
405.0 0.099837231180332
406.0 0.11263648309152
407.0 0.12095302725119
408.0 0.12147567354529
409.0 0.12802109336588
410.0 0.13945686641203
411.0 0.14240660602303
412.0 0.14715479519838
413.0 0.15268144580464
414.0 0.15194525527032
415.0 0.15566864339205
416.0 0.1520349525
417.0 0.15378580523282
418.0 0.15820803265854
419.0 0.16149793571578
420.0 0.16151012004412
421.0 0.1637389316995
422.0 0.16542496912951
423.0 0.16604075041736
424.0 0.16840719347179
425.0 0.1714904439022
426.0 0.17361945948148
427.0 0.18302422380552
428.0 0.18592304387976
429.0 0.1873593868646
430.0 0.1906286292402
431.0 0.19733172662447
432.0 0.19748366508942
433.0 0.2000555493
434.0 0.20514344976741
435.0 0.20614619146573
436.0 0.20878284110585
437.0 0.20951132776206
438.0 0.20859420781475
439.0 0.2102767317
440.0 0.21110380134618
441.0 0.21095692451953
442.0 0.2141384418699
443.0 0.21525526697267
444.0 0.21381828964408
445.0 0.2153864742
446.0 0.21699641579291
447.0 0.21876849195048
448.0 0.218766471
449.0 0.22134885884148
450.0 0.22270575660452
451.0 0.22579259493437
452.0 0.2275001268
453.0 0.22937221050595
454.0 0.23033737081882
455.0 0.23477813044836
456.0 0.23558685176187
457.0 0.23609355326733
458.0 0.23994537145912
459.0 0.23877296348106
460.0 0.24452315543039
461.0 0.24580908253528
462.0 0.2462812691225
463.0 0.24914931135146
464.0 0.24785131289484
465.0 0.24931344958789
466.0 0.25074177860854
467.0 0.25138829481339
468.0 0.2519415245
469.0 0.25131588322002
470.0 0.25316651531653
471.0 0.25383250963215
472.0 0.25463229392652
473.0 0.25795206469857
474.0 0.25955093007675
475.0 0.2601497208
476.0 0.26322031383168
477.0 0.26393488731237
478.0 0.2668200768228
479.0 0.26738170701688
480.0 0.27022445025411
481.0 0.27378920495085
482.0 0.27460408870045
483.0 0.276250782029
484.0 0.27915266606461
485.0 0.27963472704945
486.0 0.28155159929317
487.0 0.28336390790952
488.0 0.2841267195
489.0 0.28393157142677
490.0 0.28398127098864
491.0 0.28316458097822
492.0 0.28399569537036
493.0 0.28247909179555
494.0 0.28021595549536
495.0 0.27926378754064
496.0 0.27828164107344
497.0 0.27599421130914
498.0 0.27358533270995
499.0 0.27213337047547
500.0 0.2686798637528
501.0 0.26710740256849
502.0 0.26581262658458
503.0 0.26498989196374
504.0 0.26258817149204
505.0 0.2630899444
506.0 0.2624460137931
507.0 0.2615086694641
508.0 0.26210219833423
509.0 0.2642021847
510.0 0.26587109094175
511.0 0.26768899332409
512.0 0.2694960157
513.0 0.27164050405499
514.0 0.27401211245311
515.0 0.27669769019111
516.0 0.27996484945374
517.0 0.2830516876
518.0 0.28620120825161
519.0 0.28836613265174
520.0 0.2896795605
521.0 0.29052284175018
522.0 0.29147067690484
523.0 0.29195946761034
524.0 0.29112499713781
525.0 0.2898073666078
526.0 0.28736159012253
527.0 0.28384291247706
528.0 0.27926151607901
529.0 0.2738723106
530.0 0.2668165408
531.0 0.258663484
532.0 0.2513192622
533.0 0.24402214690069
534.0 0.23723256639736
535.0 0.23145110105572
536.0 0.22574115148763
537.0 0.2201761848828
538.0 0.21587839330543
539.0 0.21143523247397
540.0 0.20826209307358
541.0 0.20563393960651
542.0 0.20278725701749
543.0 0.2013053428
544.0 0.20044753633356
545.0 0.20043299139041
546.0 0.20166269973351
547.0 0.2035756179
548.0 0.2052186489
549.0 0.2075054382
550.0 0.2101836195
551.0 0.2122592202
552.0 0.2140653312
553.0 0.2138158188
554.0 0.2111421222
555.0 0.206438895
556.0 0.19811012347456
557.0 0.18612008274958
558.0 0.1706380806438
559.0 0.15328730638144
560.0 0.13546641777406
561.0 0.11807835280104
562.0 0.1011170117
563.0 0.085944056931016
564.0 0.0722227465
565.0 0.060173984727138
566.0 0.050814785
567.0 0.042084642449086
568.0 0.0348203466
569.0 0.02958813
570.0 0.024666794771785
571.0 0.0204066006
572.0 0.016772801063974
573.0 0.014012654088162
574.0 0.0116262675
575.0 0.0094751627162595
576.0 0.0077685665360157
577.0 0.0066763557
578.0 0.0055422698127201
579.0 0.004596853858729
580.0 0.0037696385456861
581.0 0.0033172109322469
582.0 0.0027603129277263
583.0 0.0021191316
584.0 0.0019287342
